spawns: 
  default: 
    world: world
    x: 605.4131332667379
    y: 64.0
    z: 333.47789616877526
    yaw: -270.1479
    pitch: -1.950327
