world: world
x: 603.6963573388427
y: 67.0
z: 371.2995093572207
yaw: -51.30133
pitch: 2.9995117
name: cases
