world: world
x: 576.4284905070114
y: 68.0
z: 378.21645623590507
yaw: -1.5026855
pitch: 5.999563
name: charka
