world: world
x: 620.5657565420753
y: 64.0
z: 346.4930660217071
yaw: -90.32794
pitch: -0.59961456
name: mine
