world: world
x: 588.206618972274
y: 64.0
z: 333.5132132481642
yaw: -270.00082
pitch: 1.9494976
name: pvp
